1 0.659943 0.132963 0.028977 0.265925
1 0.156250 0.126138 0.026515 0.252275
1 0.337784 0.139408 0.017235 0.231294
0 0.832955 0.231673 0.333712 0.071031
0 0.491098 0.226239 0.300000 0.078362
0 0.246674 0.215528 0.158752 0.070423
0 0.075215 0.208828 0.145380 0.062078
1 0.488621 0.681695 0.046747 0.392713
0 0.231988 0.809344 0.463976 0.123912
0 0.746556 0.860225 0.506509 0.090858
2 0.509557 0.866125 0.980506 0.128092
3 0.469570 0.581637 0.063654 0.078003
3 0.553362 0.559747 0.057180 0.057123
2 0.499443 0.261451 0.998886 0.043291
