1 0.499673 0.671197 0.999346 0.072101
0 0.717711 0.631466 0.185422 0.053734
0 0.915672 0.621354 0.167203 0.054810
0 0.040878 0.654284 0.079230 0.039626
0 0.348531 0.640825 0.496304 0.056570
0 0.138619 0.188075 0.272188 0.053699
0 0.498989 0.136994 0.417170 0.109427
0 0.865436 0.071425 0.268750 0.086161
1 0.276515 0.099469 0.028030 0.198938
1 0.717045 0.061931 0.020833 0.123862
1 0.092330 0.543731 0.028598 0.279070
1 0.610133 0.524141 0.026326 0.281850
1 0.819697 0.528691 0.018561 0.229778
1 0.563447 0.959555 0.015530 0.080384
