1 0.710038 0.072927 0.022727 0.145854
1 0.280777 0.071790 0.018371 0.143579
1 0.375379 0.484707 0.026136 0.280839
1 0.558712 0.519970 0.023864 0.241153
1 0.887879 0.502654 0.042045 0.283367
1 0.318561 0.905207 0.023106 0.189080
1 0.893182 0.901795 0.028409 0.195905
0 0.134659 0.121208 0.269318 0.066987
0 0.493939 0.112235 0.405303 0.055106
0 0.860511 0.112235 0.278598 0.054601
0 0.180966 0.606041 0.361932 0.062942
0 0.944223 0.618933 0.111174 0.056370
0 0.713625 0.607174 0.284127 0.051689
0 0.466774 0.605065 0.146931 0.055765
2 0.500339 0.648432 0.996890 0.042040
1 0.221970 0.962083 0.016288 0.075329
2 0.500221 0.160797 0.999179 0.050943
