0 0.110225 0.629220 0.085139 0.045093
0 0.215623 0.632814 0.088272 0.046535
0 0.641665 0.586250 0.716291 0.157520
3 0.023707 0.598043 0.044889 0.093962
0 0.569285 0.158071 0.307913 0.058519
0 0.867512 0.118136 0.264597 0.091051
0 0.273268 0.136477 0.259407 0.084211
0 0.064507 0.087820 0.129015 0.062731
1 0.279830 0.528943 0.045644 0.241405
1 0.169413 0.560667 0.032386 0.182508
1 0.076136 0.527553 0.059470 0.236603
1 0.096970 0.904196 0.043182 0.191102
1 0.938068 0.882836 0.040530 0.233822
1 0.412879 0.098079 0.019318 0.160768
1 0.148201 0.061805 0.034280 0.123610
1 0.716477 0.085693 0.034848 0.163802
