2 0.505558 0.587674 0.988506 0.165426
0 0.147017 0.593252 0.254564 0.097285
0 0.508682 0.544965 0.423456 0.104484
0 0.885304 0.501329 0.229013 0.082970
1 0.289691 0.465700 0.025088 0.301880
1 0.725943 0.418414 0.030168 0.283488
1 0.757640 0.401761 0.029169 0.275722
1 0.542165 0.869645 0.030037 0.260204
0 0.674384 0.146961 0.409374 0.097430
0 0.336135 0.186446 0.237926 0.064577
0 0.113403 0.203039 0.168725 0.053778
1 0.024049 0.120212 0.028922 0.235095
1 0.207515 0.123895 0.020452 0.211505
1 0.459525 0.100300 0.021323 0.200601
1 0.880637 0.072658 0.031477 0.145317
