1 0.576420 0.495829 0.033523 0.322295
1 0.152083 0.556117 0.035985 0.260364
1 0.022064 0.533367 0.038447 0.294237
1 0.031061 0.061426 0.042045 0.122851
1 0.581629 0.039813 0.018939 0.079626
1 0.070833 0.922396 0.034848 0.154702
1 0.222917 0.945147 0.023485 0.109201
0 0.165152 0.086072 0.232576 0.060415
0 0.015246 0.097573 0.030492 0.049039
0 0.795170 0.038675 0.409280 0.077351
0 0.439773 0.057128 0.267803 0.076340
0 0.790828 0.608853 0.414569 0.081069
2 0.500537 0.662701 0.998548 0.074529
1 0.484599 0.903901 0.036116 0.191692
2 0.499303 0.101934 0.994529 0.113970
0 0.098929 0.649154 0.110736 0.051974
0 0.240086 0.650855 0.138001 0.050258
0 0.451478 0.638952 0.188158 0.052071
