2 0.499905 0.161275 0.999811 0.104778
2 0.499905 0.652508 0.999811 0.095327
0 0.764565 0.115528 0.422654 0.086407
0 0.321613 0.149632 0.428579 0.071008
0 0.045908 0.166587 0.088792 0.046413
1 0.616870 0.513937 0.023835 0.276273
1 0.088948 0.532153 0.025400 0.284028
1 0.543610 0.089203 0.019038 0.173174
1 0.093184 0.099932 0.027594 0.199863
1 0.984638 0.061631 0.027673 0.123263
0 0.042382 0.647199 0.082238 0.053225
0 0.230546 0.639962 0.259072 0.067549
0 0.489889 0.618477 0.236091 0.061952
0 0.814623 0.593323 0.365816 0.102512
1 0.532097 0.911430 0.037158 0.176633
1 0.356379 0.559268 0.036832 0.224079
